%YAML:1.0
keypoints_1: [ 5.1543823242187500e+002, 1.3313088989257812e+002, 42.,
    2.9805061340332031e+001, 1.1725538085937500e+004, 1, -1,
    4.3279312133789062e+002, 5.2111920166015625e+002, 30.,
    2.0583311462402344e+002, 1.1243885742187500e+004, 1, -1,
    5.1535443115234375e+002, 1.2974174499511719e+002, 34.,
    2.9167606353759766e+001, 1.0697203125000000e+004, 1, -1,
    5.1890057373046875e+002, 2.9933203125000000e+002, 21.,
    1.5924230575561523e+001, 1.0606826171875000e+004, 0, -1,
    4.8653994750976562e+002, 1.3627714538574219e+002, 67.,
    7.3658134460449219e+001, 6.9946572265625000e+003, 2, 1,
    4.8222848510742187e+002, 1.3094775390625000e+002, 85.,
    7.9209770202636719e+001, 6.7897822265625000e+003, 2, 1,
    5.9187872314453125e+002, 1.8224101257324219e+002, 170.,
    9.7126472473144531e+001, 6.6838833007812500e+003, 3, -1,
    4.2191601562500000e+002, 1.6547746276855469e+002, 92.,
    8.2954345703125000e+001, 6.4753178710937500e+003, 2, -1,
    5.4817498779296875e+002, 1.2977218627929687e+002, 84.,
    1.0146177673339844e+002, 6.1275117187500000e+003, 2, 1,
    5.4453906250000000e+002, 1.3587628173828125e+002, 68.,
    1.0384693908691406e+002, 5.9999428710937500e+003, 2, 1,
    4.7175805664062500e+002, 2.9212542724609375e+002, 18.,
    6.5393005371093750e+001, 5.6646152343750000e+003, 0, -1,
    4.3794320678710937e+002, 5.4654809570312500e+002, 21.,
    6.5229331970214844e+001, 5.5085957031250000e+003, 0, -1,
    4.9373110961914062e+002, 5.1733001708984375e+002, 28.,
    3.7625668048858643e+000, 5.3161362304687500e+003, 1, -1,
    5.1612945556640625e+002, 1.5121334838867187e+002, 91.,
    8.0860191345214844e+001, 5.1408750000000000e+003, 2, -1,
    4.6990109252929687e+002, 5.3617236328125000e+002, 21.,
    1.8224884033203125e+001, 5.1216889648437500e+003, 0, 1,
    4.4275140380859375e+002, 5.0214035034179687e+002, 22.,
    2.6574572753906250e+002, 5.0677167968750000e+003, 0, -1,
    5.2947503662109375e+002, 1.9258862304687500e+002, 32.,
    2.1417825698852539e+001, 4.9335668945312500e+003, 1, -1,
    4.5866329956054687e+002, 4.9885562133789062e+002, 31.,
    2.7383203125000000e+002, 4.9218505859375000e+003, 1, -1,
    5.1428588867187500e+002, 4.3954901123046875e+002, 21.,
    1.7121260070800781e+002, 4.8943120117187500e+003, 0, -1,
    4.9514645385742187e+002, 5.0341430664062500e+002, 29.,
    2.5415864562988281e+002, 4.8240483398437500e+003, 1, 1,
    4.7944812011718750e+002, 5.3815173339843750e+002, 23.,
    1.3142315673828125e+002, 4.8045834960937500e+003, 0, -1,
    5.1505932617187500e+002, 1.5997904968261719e+002, 121.,
    9.0100128173828125e+001, 4.5673701171875000e+003, 3, -1,
    5.1653930664062500e+002, 5.3074896240234375e+002, 19.,
    7.9814786911010742e+000, 4.5344228515625000e+003, 0, 1,
    4.2963165283203125e+002, 5.0515554809570312e+002, 32.,
    2.9647033691406250e+002, 4.4939633789062500e+003, 1, 1,
    5.3115563964843750e+002, 4.9852499389648437e+002, 21.,
    3.5057855224609375e+002, 4.4927436523437500e+003, 0, 1,
    4.7211874389648437e+002, 4.1326449584960937e+002, 30.,
    2.5675500488281250e+002, 4.4301538085937500e+003, 1, -1,
    4.8005670166015625e+002, 5.3944171142578125e+002, 29.,
    1.2020819091796875e+002, 4.3535581054687500e+003, 1, -1,
    4.8072250366210937e+002, 4.4300518798828125e+002, 16.,
    2.4954901123046875e+002, 4.1280478515625000e+003, 0, -1,
    4.6998883056640625e+002, 1.2672657012939453e+002, 122.,
    8.5623992919921875e+001, 4.0395717773437500e+003, 3, 1,
    5.3265936279296875e+002, 4.4278256225585938e+002, 20.,
    1.7092318725585937e+002, 4.0169394531250000e+003, 0, -1,
    5.0694021606445312e+002, 5.1578173828125000e+002, 20.,
    1.9073699951171875e+002, 4.0023107910156250e+003, 0, -1,
    4.5482827758789062e+002, 4.9814971923828125e+002, 43.,
    2.8781729125976562e+002, 3.8542128906250000e+003, 1, -1,
    4.9339773559570312e+002, 5.3278533935546875e+002, 31.,
    1.1490277099609375e+002, 3.8439733886718750e+003, 1, 1,
    5.4113330078125000e+002, 5.1579748535156250e+002, 21.,
    1.8665599060058594e+002, 3.7041728515625000e+003, 0, -1,
    4.7581442260742188e+002, 2.4064907836914062e+002, 132.,
    2.7245416259765625e+002, 3.6104335937500000e+003, 3, 1,
    5.0082913208007812e+002, 3.0076473999023437e+002, 21.,
    1.0410571098327637e+001, 3.5872365722656250e+003, 0, -1,
    5.3654125976562500e+002, 5.2695715332031250e+002, 30.,
    1.7032534790039062e+002, 3.5847236328125000e+003, 1, 1,
    5.0452374267578125e+002, 4.5339453125000000e+002, 20.,
    6.9137020111083984e+000, 3.4514006347656250e+003, 0, 1,
    5.2318072509765625e+002, 4.5708645629882812e+002, 21.,
    6.2162108421325684e+000, 3.4505017089843750e+003, 0, 1,
    4.6746447753906250e+002, 4.3098123168945312e+002, 22.,
    1.3427148818969727e+001, 3.4306228027343750e+003, 0, -1,
    4.9558993530273437e+002, 2.3662921142578125e+002, 166.,
    8.1058708190917969e+001, 3.3295842285156250e+003, 3, 1,
    5.4874578857421875e+002, 4.9673336791992187e+002, 20.,
    1.9123922729492187e+002, 3.2928476562500000e+003, 0, 1,
    5.0260055541992187e+002, 5.2327514648437500e+002, 16.,
    2.2937117004394531e+002, 3.2584699707031250e+003, 0, 1,
    5.6632690429687500e+002, 5.2413049316406250e+002, 20.,
    1.1928490638732910e+001, 3.2108896484375000e+003, 0, 1,
    4.6114700317382812e+002, 2.4242098999023437e+002, 89.,
    2.5159214782714844e+002, 3.1787939453125000e+003, 2, 1,
    4.2482736206054687e+002, 5.4177752685546875e+002, 31.,
    6.5886680603027344e+001, 3.1756403808593750e+003, 1, 1,
    4.6001473999023437e+002, 2.2696961975097656e+002, 32.,
    2.1767135620117187e+002, 3.0932314453125000e+003, 1, 1,
    4.4384378051757812e+002, 3.0214166259765625e+002, 21.,
    3.5575958251953125e+002, 3.0893586425781250e+003, 0, -1,
    4.4291372680664062e+002, 4.4232910156250000e+002, 17.,
    1.7531692504882812e+002, 3.0723908691406250e+003, 0, 1,
    4.4781814575195312e+002, 4.0470367431640625e+002, 16.,
    2.9318298339843750e+002, 3.0576762695312500e+003, 0, 1,
    5.4779656982421875e+002, 2.8060339355468750e+002, 21.,
    3.4855389404296875e+002, 3.0575004882812500e+003, 0, -1,
    4.8172558593750000e+002, 4.9473107910156250e+002, 30.,
    3.5413125610351562e+002, 3.0510410156250000e+003, 1, -1,
    4.8821838378906250e+002, 4.4974194335937500e+002, 23.,
    8.2717504501342773e+000, 3.0118776855468750e+003, 0, 1,
    4.5078363037109375e+002, 5.1233898925781250e+002, 31.,
    2.7019165039062500e+002, 2.9912451171875000e+003, 1, 1,
    4.7067190551757812e+002, 4.9358764648437500e+002, 23.,
    8.1662285327911377e-001, 2.9552626953125000e+003, 0, 1,
    5.0204763793945312e+002, 5.0890444946289062e+002, 15.,
    3.3371109008789063e+002, 2.9424072265625000e+003, 0, 1,
    5.7038256835937500e+002, 2.4720684814453125e+002, 66.,
    2.8818627929687500e+002, 2.9319025878906250e+003, 2, 1,
    5.4115100097656250e+002, 4.6032449340820312e+002, 20.,
    1.7842977905273437e+002, 2.9141606445312500e+003, 0, 1,
    4.4758755493164062e+002, 3.0228262329101562e+002, 32.,
    3.5281118774414062e+002, 2.9015932617187500e+003, 1, -1,
    5.5812371826171875e+002, 2.0908924865722656e+002, 20.,
    1.9781502485275269e+000, 2.8488120117187500e+003, 0, 1,
    5.3864904785156250e+002, 2.8643841552734375e+002, 23.,
    3.5156546020507812e+002, 2.8189892578125000e+003, 0, 1,
    5.5593713378906250e+002, 4.6375363159179687e+002, 20.,
    1.1828278541564941e+001, 2.7958596191406250e+003, 0, 1,
    5.2191473388671875e+002, 2.5617254638671875e+002, 21.,
    3.0056201934814453e+001, 2.6995834960937500e+003, 0, 1,
    5.2667590332031250e+002, 2.2515504455566406e+002, 22.,
    3.2335031127929687e+002, 2.6599626464843750e+003, 0, 1,
    4.8225500488281250e+002, 4.2996716308593750e+002, 14.,
    9.6252815246582031e+001, 2.6197675781250000e+003, 0, -1,
    5.5857873535156250e+002, 2.4863996887207031e+002, 68.,
    7.8326438903808594e+001, 2.5600322265625000e+003, 2, 1,
    5.5752825927734375e+002, 4.2572912597656250e+002, 21.,
    1.6452005004882812e+002, 2.5440778808593750e+003, 0, 1,
    4.3837725830078125e+002, 4.0309887695312500e+002, 21.,
    2.0493019104003906e+002, 2.5315241699218750e+003, 0, 1,
    4.5131304931640625e+002, 5.1679626464843750e+002, 43.,
    2.7240411376953125e+002, 2.4883579101562500e+003, 1, 1,
    4.5910928344726562e+002, 4.1784451293945312e+002, 32.,
    3.4388543701171875e+002, 2.4753540039062500e+003, 1, 1,
    5.7865722656250000e+002, 4.5305911254882812e+002, 19.,
    7.1020259857177734e+000, 2.4714370117187500e+003, 0, -1,
    4.4317654418945312e+002, 1.3691729736328125e+002, 46.,
    9.4665664672851563e+001, 2.4562968750000000e+003, 1, 1,
    4.7805044555664062e+002, 4.2305490112304687e+002, 21.,
    2.6513864135742187e+002, 2.4416770019531250e+003, 0, 1,
    5.4105346679687500e+002, 3.0514770507812500e+002, 20.,
    1.6181838989257812e+002, 2.4378442382812500e+003, 0, 1,
    5.9002813720703125e+002, 1.3613912963867187e+002, 56.,
    9.0490051269531250e+001, 2.4093769531250000e+003, 2, 1,
    4.4103741455078125e+002, 4.0458526611328125e+002, 30.,
    2.9810971069335938e+002, 2.4003142089843750e+003, 1, 1,
    5.5774743652343750e+002, 2.4807478332519531e+002, 20.,
    1.1548351049423218e+000, 2.3884953613281250e+003, 0, -1,
    4.2580395507812500e+002, 4.3690304565429687e+002, 20.,
    1.6896287918090820e+001, 2.3869702148437500e+003, 0, 1,
    4.4831484985351562e+002, 5.3441320800781250e+002, 41.,
    7.8048706054687500e+001, 2.3773818359375000e+003, 1, 1,
    4.5262420654296875e+002, 5.2745001220703125e+002, 63.,
    2.6783270263671875e+002, 2.3232192382812500e+003, 2, 1,
    5.3726074218750000e+002, 2.5617971801757812e+002, 19.,
    1.6284645080566406e+002, 2.2742221679687500e+003, 0, 1,
    4.4699316406250000e+002, 5.4091668701171875e+002, 21.,
    8.8348220825195313e+001, 2.2512968750000000e+003, 0, 1,
    5.2874346923828125e+002, 2.8338745117187500e+002, 22.,
    1.9462307739257812e+002, 2.2370234375000000e+003, 0, -1,
    5.0758370971679687e+002, 4.2955364990234375e+002, 26.,
    1.8734916687011719e+002, 2.2266508789062500e+003, 1, 1,
    5.5108056640625000e+002, 5.2550433349609375e+002, 22.,
    6.6256088256835938e+001, 2.1860300292968750e+003, 0, 1,
    5.0677838134765625e+002, 4.9548352050781250e+002, 22.,
    1.7218740844726562e+002, 2.1814995117187500e+003, 0, -1,
    5.8150445556640625e+002, 5.2263861083984375e+002, 20.,
    1.6426437377929687e+002, 2.1777885742187500e+003, 0, 1,
    4.5958517456054687e+002, 4.4639324951171875e+002, 22.,
    9.6019454956054688e+001, 2.1720190429687500e+003, 0, 1,
    5.0454272460937500e+002, 4.9273480224609375e+002, 29.,
    1.7773739624023437e+002, 2.1648564453125000e+003, 1, -1,
    5.0839093017578125e+002, 5.3521740722656250e+002, 22.,
    2.3006891250610352e+001, 2.1606647949218750e+003, 0, -1,
    4.9338565063476562e+002, 2.9381900024414062e+002, 20.,
    1.7481525421142578e+001, 2.1448325195312500e+003, 0, 1,
    5.2513439941406250e+002, 4.3658117675781250e+002, 29.,
    1.6510556030273437e+002, 2.1244228515625000e+003, 1, 1,
    4.9813616943359375e+002, 4.2185601806640625e+002, 29.,
    3.3744613647460938e+002, 2.0443669433593750e+003, 1, -1,
    4.4951382446289062e+002, 5.3796099853515625e+002, 33.,
    7.9403190612792969e+001, 1.9896151123046875e+003, 1, 1,
    5.7021154785156250e+002, 4.6650799560546875e+002, 20.,
    7.3573799133300781e+000, 1.9757199707031250e+003, 0, 1,
    4.2366625976562500e+002, 3.0019039916992187e+002, 62.,
    3.5148663330078125e+002, 1.9647827148437500e+003, 2, 1,
    5.1200341796875000e+002, 2.4808139038085937e+002, 25.,
    1.8448619079589844e+002, 1.9582583007812500e+003, 1, -1,
    4.6752148437500000e+002, 4.5314202880859375e+002, 19.,
    1.0644958496093750e+002, 1.9378231201171875e+003, 0, -1,
    4.3542556762695312e+002, 437., 17., 1.8112879943847656e+002,
    1.9188049316406250e+003, 0, -1, 5.1530816650390625e+002,
    4.8743200683593750e+002, 26., 1.7830320739746094e+002,
    1.9117194824218750e+003, 1, 1, 4.0682489013671875e+002,
    9.0546043395996094e+001, 31., 8.1191497802734375e+001,
    1.8879865722656250e+003, 1, -1, 4.5554418945312500e+002,
    4.0252032470703125e+002, 21., 3.3463778686523437e+002,
    1.8743376464843750e+003, 0, -1, 4.2280300903320312e+002,
    3.9926635742187500e+002, 20., 3.5652923583984375e+002,
    1.8523018798828125e+003, 0, 1, 4.9289904785156250e+002,
    3.0936596679687500e+002, 20., 1.7893188476562500e+002,
    1.8328355712890625e+003, 0, 1, 4.7198818969726562e+002,
    3.0762200927734375e+002, 20., 6.3101448059082031e+001,
    1.8228734130859375e+003, 0, -1, 5.4252459716796875e+002,
    2.0656883239746094e+002, 20., 6.5056195259094238e+000,
    1.8140510253906250e+003, 0, 1, 5.9542407226562500e+002,
    2.0620370483398437e+002, 19., 2.8765350341796875e+002,
    1.8026488037109375e+003, 0, -1, 4.8771218872070312e+002,
    2.5643927001953125e+002, 19., 1.5936447143554687e+002,
    1.8016794433593750e+003, 0, 1, 6.0783142089843750e+002,
    9.1408432006835938e+001, 33., 1.0031108856201172e+002,
    1.7739470214843750e+003, 1, -1, 5.1413781738281250e+002,
    4.5170446777343750e+002, 20., 1.8202493286132812e+002,
    1.7672314453125000e+003, 0, -1, 5.3283911132812500e+002,
    3.0910388183593750e+002, 22., 4.0535789489746094e+001,
    1.7388502197265625e+003, 0, -1, 4.3781219482421875e+002,
    2.8751348876953125e+002, 17., 3.4458450317382812e+002,
    1.7250712890625000e+003, 0, -1, 5.8623736572265625e+002,
    4.7038729858398437e+002, 22., 1.7880441284179687e+002,
    1.7038397216796875e+003, 0, 1, 5.7220953369140625e+002,
    4.4255657958984375e+002, 22., 2.6476699829101562e+002,
    1.7012446289062500e+003, 0, 1, 4.4964028930664062e+002,
    4.4849050903320312e+002, 21., 1.5854232788085937e+002,
    1.6994050292968750e+003, 0, -1, 5.2592614746093750e+002,
    5.3465374755859375e+002, 29., 1.5735324096679687e+002,
    1.6903658447265625e+003, 1, -1, 5.5249151611328125e+002,
    2.7636126708984375e+002, 42., 8.4287338256835938e+001,
    1.6791663818359375e+003, 1, -1, 4.7536715698242187e+002,
    2.3934495544433594e+002, 19., 2.6796051025390625e+002,
    1.6770792236328125e+003, 0, 1, 5.3884729003906250e+002,
    2.3867787170410156e+002, 18., 3.1014315795898437e+002,
    1.6518415527343750e+003, 0, 1, 5.2548010253906250e+002,
    2.3359399414062500e+002, 38., 2.9661080932617187e+002,
    1.6403165283203125e+003, 1, 1, 4.6357897949218750e+002,
    2.8596057128906250e+002, 21., 1.7868511962890625e+002,
    1.6369975585937500e+003, 0, 1, 5.7965673828125000e+002,
    2.3770066833496094e+002, 21., 2.6495025634765625e+002,
    1.6217399902343750e+003, 0, 1, 5.7029541015625000e+002,
    2.7349618530273437e+002, 13., 1.6091734313964844e+002,
    1.6169147949218750e+003, 0, 1, 5.4955072021484375e+002,
    4.3245922851562500e+002, 18., 3.3096771240234375e+002,
    1.6137979736328125e+003, 0, -1, 4.5704663085937500e+002,
    5.3884478759765625e+002, 16., 7.1861236572265625e+001,
    1.5882126464843750e+003, 0, 1, 5.5675335693359375e+002,
    4.4015994262695312e+002, 20., 3.5319784545898437e+002,
    1.5791855468750000e+003, 0, 1, 5.6381231689453125e+002,
    4.9563851928710937e+002, 21., 2.5723944091796875e+002,
    1.5658173828125000e+003, 0, 1, 5.6249499511718750e+002,
    4.9440405273437500e+002, 16., 2.5742959594726562e+002,
    1.5335079345703125e+003, 0, 1, 5.5518743896484375e+002,
    2.5862789916992187e+002, 30., 8.2969268798828125e+001,
    1.5262520751953125e+003, 1, 1, 4.3093701171875000e+002,
    2.8595581054687500e+002, 14., 3.4335501098632812e+002,
    1.4961496582031250e+003, 0, 1, 5.7055584716796875e+002,
    4.4100286865234375e+002, 16., 1.9865837097167969e+002,
    1.4954538574218750e+003, 0, 1, 5.5896405029296875e+002,
    1.8929855346679687e+002, 23., 1.9536808776855469e+002,
    1.4951450195312500e+003, 0, 1, 5.0989239501953125e+002,
    1.9781817626953125e+002, 34., 2.5988830566406250e+002,
    1.4848448486328125e+003, 1, 1, 5.6467663574218750e+002,
    4.3398880004882812e+002, 17., 4.4342861175537109e+000,
    1.4830579833984375e+003, 0, -1, 5.6652264404296875e+002,
    1.9794082641601562e+002, 19., 6.8024396896362305e-001,
    1.4787963867187500e+003, 0, -1, 5.5782122802734375e+002,
    2.8470605468750000e+002, 20., 2.6331103515625000e+002,
    1.4622563476562500e+003, 0, 1, 5.4493157958984375e+002,
    2.9562948608398437e+002, 17., 3.5694668579101562e+002,
    1.4619595947265625e+003, 0, -1, 4.9411074829101562e+002,
    2.4277954101562500e+002, 65., 8.9233779907226563e+001,
    1.4286948242187500e+003, 2, 1, 4.8330755615234375e+002,
    4.2970715332031250e+002, 44., 3.3474667358398437e+002,
    1.4253508300781250e+003, 1, 1, 5.7568096923828125e+002,
    2.5566760253906250e+002, 19., 2.6252111434936523e+001,
    1.4094548339843750e+003, 0, 1, 4.8129412841796875e+002,
    3.0789608764648437e+002, 34., 1.1577960968017578e+001,
    1.4010738525390625e+003, 1, -1, 5.1680664062500000e+002,
    1.0360147094726562e+002, 43., 2.6928906250000000e+002,
    1.3955083007812500e+003, 1, 1, 5.6825976562500000e+002,
    4.3169619750976563e+002, 30., 6.8532838821411133e+000,
    1.3912990722656250e+003, 1, -1, 5.2851544189453125e+002,
    4.2648431396484375e+002, 19., 2.8256884765625000e+002,
    1.3891041259765625e+003, 0, -1, 4.8895324707031250e+002,
    2.3902587890625000e+002, 19., 2.4068328857421875e+002,
    1.3887707519531250e+003, 0, 1, 4.8131304931640625e+002,
    2.9204519653320312e+002, 22., 1.2759928703308105e+001,
    1.3847764892578125e+003, 0, 1, 4.5014691162109375e+002,
    2.8426464843750000e+002, 58., 1.0235884857177734e+002,
    1.3770794677734375e+003, 2, -1, 4.7544311523437500e+002,
    2.2827096557617187e+002, 30., 2.3916416931152344e+002,
    1.3651651611328125e+003, 1, -1, 4.3253906250000000e+002,
    5.3143859863281250e+002, 15., 2.4485446166992187e+002,
    1.3627208251953125e+003, 0, 1, 4.6401150512695312e+002,
    5.4370629882812500e+002, 18., 8.3821907043457031e+001,
    1.3623398437500000e+003, 0, -1, 4.2685156250000000e+002,
    4.2003549194335937e+002, 32., 1.7820867919921875e+002,
    1.3620286865234375e+003, 1, 1, 5.5953540039062500e+002,
    5.3104901123046875e+002, 19., 2.5528636932373047e+001,
    1.3592900390625000e+003, 0, -1, 5.5642224121093750e+002,
    2.8908645629882812e+002, 31., 2.6476165771484375e+002,
    1.3411011962890625e+003, 1, 1, 4.1291818237304687e+002,
    3.2215277099609375e+002, 33., 7.0792129516601562e+001,
    1.3367077636718750e+003, 1, -1, 4.3445559692382812e+002,
    2.9678817749023437e+002, 28., 3.4534814453125000e+002,
    1.3361627197265625e+003, 1, 1, 4.6310183715820312e+002,
    3.1119088745117187e+002, 19., 1.8112026977539062e+002,
    1.3344261474609375e+003, 0, 1, 5.6194836425781250e+002,
    2.7601434326171875e+002, 23., 8.0538108825683594e+001,
    1.3292471923828125e+003, 0, -1, 4.0347985839843750e+002,
    1.4656304931640625e+002, 15., 2.2144414901733398e+001,
    1.3188166503906250e+003, 0, -1, 4.6004571533203125e+002,
    4.0992361450195313e+002, 15., 3.5245013427734375e+002,
    1.3162698974609375e+003, 0, 1, 5.2626812744140625e+002,
    4.8811715698242187e+002, 30., 3.5078500366210937e+002,
    1.3125213623046875e+003, 1, -1, 4.7179440307617187e+002,
    4.4382208251953125e+002, 23., 1.0425273895263672e+002,
    1.3045654296875000e+003, 0, 1, 4.3251910400390625e+002,
    3.0396728515625000e+002, 32., 3.5246188354492187e+002,
    1.2983675537109375e+003, 1, 1, 5.3258789062500000e+002,
    3.1141360473632812e+002, 29., 5.0708106994628906e+001,
    1.2885406494140625e+003, 1, -1, 5.3635632324218750e+002,
    4.3186175537109375e+002, 21., 2.8347363281250000e+002,
    1.2615496826171875e+003, 0, 1, 4.8403878784179687e+002,
    4.4032226562500000e+002, 58., 9.2023468017578125e+001,
    1.2524534912109375e+003, 2, 1, 5.2979559326171875e+002,
    2.0407604980468750e+002, 16., 2.8527523803710937e+002,
    1.2493652343750000e+003, 0, 1, 4.9086718750000000e+002,
    4.2700402832031250e+002, 21., 3.4000982666015625e+002,
    1.2444459228515625e+003, 0, 1, 4.7294290161132812e+002,
    2.5586718750000000e+002, 20., 9.2072944641113281e+001,
    1.2394941406250000e+003, 0, 1, 4.8156594848632812e+002,
    4.4388964843750000e+002, 45., 9.1168121337890625e+001,
    1.2315168457031250e+003, 1, 1, 4.8968121337890625e+002,
    2.8384313964843750e+002, 28., 8.2798561096191406e+001,
    1.2292833251953125e+003, 1, -1, 5.2819366455078125e+002,
    2.0345622253417969e+002, 20., 2.8863415527343750e+002,
    1.2288486328125000e+003, 0, 1, 5.9545855712890625e+002,
    5.2056884765625000e+002, 20., 3.5795715332031250e+002,
    1.2125150146484375e+003, 0, 1, 4.6386343383789062e+002,
    4.2072668457031250e+002, 15., 3.3668695068359375e+002,
    1.2118269042968750e+003, 0, 1, 5.9022338867187500e+002,
    1.0567801666259766e+002, 43., 2.7318292236328125e+002,
    1.2034108886718750e+003, 1, 1, 5.7443188476562500e+002,
    5.2940661621093750e+002, 21., 2.9969516754150391e+001,
    1.1956763916015625e+003, 0, -1, 5.1893688964843750e+002,
    2.8848419189453125e+002, 22., 2.7919583129882813e+002,
    1.1855837402343750e+003, 0, 1, 4.9718612670898437e+002,
    2.3506823730468750e+002, 20., 2.5455975341796875e+002,
    1.1844466552734375e+003, 0, -1, 5.7485369873046875e+002,
    2.1282991027832031e+002, 18., 1.7598382568359375e+002,
    1.1592429199218750e+003, 0, 1, 6.1857812500000000e+002,
    1.3780439758300781e+002, 28., 9.8247245788574219e+001,
    1.1574466552734375e+003, 1, 1, 4.4622430419921875e+002,
    4.1898797607421875e+002, 20., 1.8605285644531250e+002,
    1.1375440673828125e+003, 0, 1, 5.6126812744140625e+002,
    2.7544531250000000e+002, 30., 8.2390731811523438e+001,
    1.1159201660156250e+003, 1, -1, 5.3978912353515625e+002,
    4.9174325561523437e+002, 27., 1.9509304809570312e+002,
    1.1104899902343750e+003, 1, -1, 4.4409454345703125e+002,
    1.0571010589599609e+002, 44., 2.7053918457031250e+002,
    1.1078326416015625e+003, 1, 1, 4.5988555908203125e+002,
    2.5568537902832031e+002, 20., 1.3326856994628906e+002,
    1.1047583007812500e+003, 0, 1, 4.1257138061523437e+002,
    2.7480630493164063e+002, 36., 3.5862026977539062e+002,
    1.1034660644531250e+003, 1, -1, 5.5369909667968750e+002,
    3.0126123046875000e+002, 23., 8.2360015869140625e+001,
    1.0812396240234375e+003, 0, 1, 5.3240380859375000e+002,
    4.5583691406250000e+002, 18., 1.7976306152343750e+002,
    1.0779586181640625e+003, 0, -1, 4.6558190917968750e+002,
    2.9983834838867187e+002, 24., 1.8126966857910156e+002,
    1.0699224853515625e+003, 1, 1, 5.3260717773437500e+002,
    4.5610354614257812e+002, 18., 1.8049290466308594e+002,
    1.0667290039062500e+003, 0, -1, 5.7117864990234375e+002,
    1.5570506286621094e+002, 44., 9.0470161437988281e+001,
    1.0648582763671875e+003, 1, -1, 5.6178717041015625e+002,
    2.3596797180175781e+002, 21., 2.7719207763671875e+002,
    1.0581507568359375e+003, 0, 1, 4.8582812500000000e+002,
    3.0305874633789062e+002, 15., 1.8368804931640625e+002,
    1.0211490478515625e+003, 0, -1, 5.0923928833007812e+002,
    2.9595260620117187e+002, 21., 1.7333975219726562e+002,
    9.9035778808593750e+002, 0, 1, 5.5032696533203125e+002,
    3.0975140380859375e+002, 19., 7.4056762695312500e+001,
    9.8842938232421875e+002, 0, -1, 4.1949853515625000e+002,
    1.3893002319335938e+002, 24., 9.3624946594238281e+001,
    9.8573742675781250e+002, 0, 1, 5.5602618408203125e+002,
    2.9962866210937500e+002, 33., 7.9714309692382812e+001,
    9.7959100341796875e+002, 1, 1, 5.0712506103515625e+002,
    2.8636981201171875e+002, 21., 2.4982087707519531e+002,
    9.7518469238281250e+002, 0, -1, 5.2384722900390625e+002,
    5.2821087646484375e+002, 14., 3.5938223266601562e+002,
    9.7137988281250000e+002, 0, -1, 5.0892675781250000e+002,
    2.3665855407714844e+002, 20., 2.7391696166992187e+002, 970., 0, 1,
    5.8368884277343750e+002, 2.8064364624023437e+002, 23.,
    3.5079891967773437e+002, 9.6417285156250000e+002, 0, 1,
    5.5989752197265625e+002, 2.3698179626464844e+002, 29.,
    2.7461868286132812e+002, 9.5670776367187500e+002, 1, 1,
    5.1635174560546875e+002, 3.1030288696289062e+002, 27.,
    2.8952905273437500e+002, 9.4943798828125000e+002, 1, 1,
    5.6849365234375000e+002, 1.6156498718261719e+002, 63.,
    9.0078872680664063e+001, 9.4487603759765625e+002, 2, -1,
    5.1828948974609375e+002, 3.1044851684570312e+002, 22.,
    7.4128562927246094e+001, 9.4141070556640625e+002, 0, 1,
    5.1796911621093750e+002, 2.1398182678222656e+002, 31.,
    2.9623919677734375e+002, 9.3235467529296875e+002, 1, -1,
    5.8502307128906250e+002, 5.0391656494140625e+002, 62.,
    2.6605401611328125e+002, 9.1568591308593750e+002, 2, 1,
    5.5616882324218750e+002, 4.8973391723632812e+002, 18.,
    2.4602233886718750e+002, 9.1501257324218750e+002, 0, -1,
    4.5022497558593750e+002, 2.5608007812500000e+002, 22.,
    6.9908668518066406e+001, 9.0946105957031250e+002, 0, -1,
    5.0413720703125000e+002, 2.5889385986328125e+002, 22.,
    9.0023841857910156e+001, 9.0847064208984375e+002, 0, 1,
    4.3549642944335937e+002, 5.1000717163085937e+002, 12.,
    1.0883612060546875e+002, 8.8870770263671875e+002, 0, 1,
    5.8266741943359375e+002, 1.8968643188476562e+002, 21.,
    3.2489151000976563e+002, 8.8495281982421875e+002, 0, -1,
    5.6494885253906250e+002, 2.7854418945312500e+002, 15.,
    2.9007241821289062e+002, 8.7833001708984375e+002, 0, -1,
    5.8941815185546875e+002, 4.9527691650390625e+002, 30.,
    3.5228747558593750e+002, 8.7371789550781250e+002, 1, 1,
    4.8871313476562500e+002, 4.3561651611328125e+002, 26.,
    3.5430352783203125e+002, 8.7227307128906250e+002, 1, 1,
    5.9068420410156250e+002, 1.1561427307128906e+002, 61.,
    8.9612792968750000e+001, 8.7199853515625000e+002, 2, 1,
    4.4195297241210937e+002, 1.1474209594726562e+002, 59.,
    9.1883834838867188e+001, 8.6940905761718750e+002, 2, 1,
    5.8223071289062500e+002, 2.1882217407226562e+002, 20.,
    1.5151443481445312e+002, 8.5673522949218750e+002, 0, -1,
    5.0716619873046875e+002, 2.5868237304687500e+002, 16.,
    9.3420860290527344e+001, 8.5624121093750000e+002, 0, 1,
    4.0931069946289062e+002, 3.0085928344726562e+002, 88.,
    2.0121302604675293e+000, 8.5528631591796875e+002, 2, 1,
    4.3075024414062500e+002, 8.8277282714843750e+001, 34.,
    8.5284103393554688e+001, 8.5106250000000000e+002, 1, -1,
    4.1988845825195312e+002, 6.2407275390625000e+002, 31.,
    2.6980877685546875e+002, 8.4453277587890625e+002, 1, 1,
    4.2913305664062500e+002, 4.0575787353515625e+002, 15.,
    1.9602313232421875e+002, 8.2736743164062500e+002, 0, -1,
    5.5902899169921875e+002, 1.6586697387695312e+002, 60.,
    9.2104026794433594e+001, 8.2658038330078125e+002, 2, -1,
    5.4700811767578125e+002, 2.3405076599121094e+002, 22.,
    2.7476516723632812e+002, 8.2266668701171875e+002, 0, -1,
    5.8323339843750000e+002, 2.8779077148437500e+002, 44.,
    7.7629951477050781e+001, 8.1982952880859375e+002, 1, 1,
    5.5707373046875000e+002, 3.0476928710937500e+002, 16.,
    8.8032592773437500e+001, 8.1590777587890625e+002, 0, 1,
    4.7255477905273437e+002, 4.4276947021484375e+002, 24.,
    1.0197315216064453e+002, 8.0798797607421875e+002, 1, 1,
    4.4454867553710937e+002, 4.3711227416992187e+002, 31.,
    1.6231787109375000e+002, 8.0764709472656250e+002, 1, 1,
    4.1129257202148437e+002, 2.8613330078125000e+002, 17.,
    2.7670361328125000e+002, 8.0522857666015625e+002, 0, 1,
    4.5132073974609375e+002, 4.2603363037109375e+002, 15.,
    1.2026784896850586e+001, 7.9576568603515625e+002, 0, -1,
    4.4271084594726562e+002, 4.1010702514648437e+002, 14.,
    2.2271076202392578e+001, 7.8700775146484375e+002, 0, -1,
    4.1937890625000000e+002, 1.3911819458007813e+002, 25.,
    9.0900558471679688e+001, 7.8552624511718750e+002, 1, 1,
    5.7217132568359375e+002, 5.0548953247070312e+002, 16.,
    1.6516941833496094e+002, 7.8479125976562500e+002, 0, -1,
    5.8361846923828125e+002, 2.8315872192382813e+002, 32.,
    3.5276315307617187e+002, 7.8284759521484375e+002, 1, 1,
    5.0868530273437500e+002, 1.7917655944824219e+002, 29.,
    2.4673556518554687e+002, 7.7709057617187500e+002, 1, -1,
    5.3693994140625000e+002, 2.2863816833496094e+002, 23.,
    3.1533007812500000e+002, 7.6744616699218750e+002, 0, -1,
    4.7068167114257812e+002, 2.9257443237304687e+002, 56.,
    8.6689453125000000e+001, 7.5939758300781250e+002, 2, 1,
    5.8614764404296875e+002, 2.3725767517089844e+002, 13.,
    2.9675916671752930e+001, 7.5876782226562500e+002, 0, 1,
    5.6853625488281250e+002, 3.0571627807617187e+002, 18.,
    6.9497192382812500e+001, 7.5662878417968750e+002, 0, -1,
    5.7275512695312500e+002, 9.3558067321777344e+001, 57.,
    9.1065086364746094e+001, 7.5012194824218750e+002, 2, -1,
    5.2393066406250000e+002, 1.7426467895507812e+002, 33.,
    2.6781439208984375e+002, 7.4918078613281250e+002, 1, 1,
    4.5242300415039062e+002, 4.1192327880859375e+002, 12.,
    2.2031213378906250e+002, 7.4389257812500000e+002, 0, -1,
    5.2272473144531250e+002, 4.9209072875976562e+002, 15.,
    3.3882749080657959e+000, 7.4369409179687500e+002, 0, -1,
    4.4983599853515625e+002, 2.5875711059570312e+002, 28.,
    7.3312644958496094e+001, 7.3214813232421875e+002, 1, -1,
    4.3158843994140625e+002, 3.9447402954101562e+002, 29.,
    3.4699780273437500e+002, 7.1254119873046875e+002, 1, -1,
    4.9695910644531250e+002, 4.4880905151367187e+002, 14.,
    2.8078734874725342e+000, 7.1245837402343750e+002, 0, -1,
    4.9347683715820312e+002, 8.7029823303222656e+001, 31.,
    8.8749847412109375e+001, 7.1142730712890625e+002, 1, -1,
    5.4674414062500000e+002, 2.3183680725097656e+002, 30.,
    2.7788079833984375e+002, 7.0419403076171875e+002, 1, -1,
    5.0898760986328125e+002, 3.0567935180664062e+002, 20.,
    1.6702853393554687e+002, 7.0237097167968750e+002, 0, 1,
    5.9561169433593750e+002, 2.1725608825683594e+002, 29.,
    2.9882962036132812e+002, 6.9681457519531250e+002, 1, 1,
    5.2194384765625000e+002, 4.9403747558593750e+002, 14.,
    3.6536743640899658e+000, 6.8335540771484375e+002, 0, -1,
    5.1867901611328125e+002, 4.2834713745117187e+002, 17.,
    2.8365838623046875e+002, 6.7615081787109375e+002, 0, 1,
    5.4724633789062500e+002, 2.2208285522460937e+002, 56.,
    2.8521194458007813e+002, 6.7196069335937500e+002, 2, -1,
    5.7130084228515625e+002, 2.3254612731933594e+002, 22.,
    2.7624301147460938e+002, 6.6353369140625000e+002, 0, -1,
    5.7147222900390625e+002, 2.2994125366210937e+002, 30.,
    2.7766543579101562e+002, 6.5518225097656250e+002, 1, -1,
    5.4652331542968750e+002, 5.3356835937500000e+002, 16.,
    8.0795639038085938e+001, 6.4803375244140625e+002, 0, -1,
    5.4910839843750000e+002, 2.1403381347656250e+002, 24.,
    1.7821026611328125e+002, 6.4780828857421875e+002, 0, -1,
    4.1374206542968750e+002, 4.2009277343750000e+002, 34.,
    1.5850275754928589e+000, 6.4732312011718750e+002, 1, -1,
    5.8144030761718750e+002, 4.8546075439453125e+002, 20.,
    2.6570065307617187e+002, 6.4060565185546875e+002, 0, -1,
    4.7942764282226562e+002, 2.9920974731445312e+002, 16.,
    5.7499389648437500e+001, 6.3936425781250000e+002, 0, 1,
    4.6615502929687500e+002, 2.5275103759765625e+002, 45.,
    9.5578849792480469e+001, 6.3840026855468750e+002, 1, 1,
    4.2218804931640625e+002, 2.8601327514648437e+002, 14.,
    2.7986676025390625e+002, 6.3783081054687500e+002, 0, 1,
    4.4184173583984375e+002, 2.4459988403320312e+002, 24.,
    2.0683604431152344e+002, 6.3502264404296875e+002, 1, 1,
    5.1762933349609375e+002, 5.3760888671875000e+002, 67.,
    2.7492166137695312e+002, 6.3391156005859375e+002, 2, -1,
    5.6312030029296875e+002, 2.9053378295898438e+002, 15.,
    3.2170892333984375e+002, 6.3375982666015625e+002, 0, 1,
    4.7764862060546875e+002, 4.5180267333984375e+002, 18.,
    1.0495665740966797e+002, 6.3140509033203125e+002, 0, 1,
    5.8158721923828125e+002, 3.2169113159179687e+002, 174.,
    1.7235127258300781e+002, 6.2694207763671875e+002, 3, -1,
    4.4635867309570312e+002, 4.7642758178710937e+002, 127.,
    3.5736065673828125e+002, 6.2638018798828125e+002, 3, -1,
    4.4197552490234375e+002, 2.4553576660156250e+002, 17.,
    2.0532284545898437e+002, 6.2287683105468750e+002, 0, 1,
    4.7185021972656250e+002, 4.3719104003906250e+002, 14.,
    2.2546833801269531e+002, 6.1902966308593750e+002, 0, 1,
    5.2863269042968750e+002, 2.9868002319335937e+002, 18.,
    1.2330395698547363e+001, 6.1708856201171875e+002, 0, 1,
    4.3470672607421875e+002, 3.1750650024414062e+002, 17.,
    7.8432769775390625e+001, 6.1398645019531250e+002, 0, -1,
    5.4750384521484375e+002, 4.6827038574218750e+002, 20.,
    1.6548802185058594e+002, 6.1368542480468750e+002, 0, -1,
    5.6580169677734375e+002, 2.1718527221679687e+002, 28.,
    2.8128186035156250e+002, 6.1092346191406250e+002, 1, -1,
    5.4379254150390625e+002, 1.7581036376953125e+002, 20.,
    3.5063739013671875e+002, 6.0975347900390625e+002, 0, 1,
    5.6707635498046875e+002, 2.0793843078613281e+002, 16.,
    1.8259230041503906e+002, 6.0768457031250000e+002, 0, -1,
    5.4161218261718750e+002, 5.1622155761718750e+002, 79.,
    2.7038085937500000e+002, 6.0317291259765625e+002, 2, 1,
    4.8366854858398437e+002, 4.5696807861328125e+002, 15.,
    9.7322067260742188e+001, 6.0246990966796875e+002, 0, -1,
    4.9701086425781250e+002, 9.2053344726562500e+001, 53.,
    2.7002362060546875e+002, 5.9696203613281250e+002, 2, -1,
    5.4896716308593750e+002, 2.4834063720703125e+002, 22.,
    3.4859765625000000e+002, 5.9397558593750000e+002, 0, 1,
    4.6511590576171875e+002, 8.8600227355957031e+001, 30.,
    8.8899551391601563e+001, 5.8986309814453125e+002, 1, -1,
    5.7828057861328125e+002, 2.7135412597656250e+002, 21.,
    7.4644546508789063e+001, 5.7289611816406250e+002, 0, -1,
    5.4599859619140625e+002, 2.9435986328125000e+002, 64.,
    8.1976577758789063e+001, 5.6995562744140625e+002, 2, 1,
    5.5864166259765625e+002, 2.1655348205566406e+002, 66.,
    2.8719085693359375e+002, 5.6180151367187500e+002, 2, -1,
    5.6618383789062500e+002, 5.3611798095703125e+002, 63.,
    2.7642935180664062e+002, 5.5695220947265625e+002, 2, -1,
    4.3937106323242187e+002, 3.1340838623046875e+002, 11.,
    3.4332662963867187e+002, 5.5633447265625000e+002, 0, 1,
    4.1967916870117187e+002, 9.3036254882812500e+001, 79.,
    8.3302131652832031e+001, 5.5541955566406250e+002, 2, -1,
    5.8404321289062500e+002, 2.4715628051757812e+002, 20.,
    2.5520521163940430e+001, 5.4930133056640625e+002, 0, -1,
    5.2326470947265625e+002, 9.7430099487304688e+001, 22.,
    2.7150866699218750e+002, 5.4179034423828125e+002, 0, 1,
    4.7910327148437500e+002, 5.1376092529296875e+002, 61.,
    2.8364819335937500e+002, 5.3289270019531250e+002, 2, 1,
    5.5451635742187500e+002, 1.7796693420410156e+002, 30.,
    2.6034027099609375e+002, 5.3231561279296875e+002, 1, -1,
    4.9889398193359375e+002, 1.7126947021484375e+002, 56.,
    7.5275215148925781e+001, 5.2974407958984375e+002, 2, -1,
    5.6707916259765625e+002, 2.9605987548828125e+002, 13.,
    2.0705558776855469e+001, 5.2750323486328125e+002, 0, -1,
    5.6242559814453125e+002, 4.5224230957031250e+002, 60.,
    2.8249273681640625e+002, 5.0909829711914063e+002, 2, 1,
    4.9275036621093750e+002, 2.7418820190429688e+002, 56.,
    8.7691131591796875e+001, 5.0708990478515625e+002, 2, -1,
    5.8953564453125000e+002, 8.6565689086914062e+001, 28.,
    9.3080253601074219e+001, 5.0652850341796875e+002, 1, -1,
    5.4055017089843750e+002, 1.7998974609375000e+002, 85.,
    9.9603759765625000e+001, 5.0113189697265625e+002, 2, -1,
    5.4829571533203125e+002, 2.1423150634765625e+002, 27.,
    2.8556799316406250e+002, 4.9666964721679687e+002, 1, -1,
    4.5051412963867187e+002, 4.3142437744140625e+002, 41.,
    1.2743850708007813e+002, 4.9279357910156250e+002, 1, 1,
    5.2513452148437500e+002, 1.4175630187988281e+002, 13.,
    1.6275198364257812e+002, 4.9270031738281250e+002, 0, -1,
    5.7266387939453125e+002, 2.1388691711425781e+002, 61.,
    2.8411364746093750e+002, 4.9150933837890625e+002, 2, -1,
    5.1228521728515625e+002, 4.2322525024414062e+002, 15.,
    2.7637545776367188e+002, 4.9143426513671875e+002, 0, -1,
    4.9325314331054687e+002, 2.2640045166015625e+002, 22.,
    2.9594305419921875e+002, 4.9112265014648437e+002, 0, 1,
    4.1994955444335937e+002, 5.2005963134765625e+002, 65.,
    2.5579005432128906e+002, 4.9092160034179687e+002, 2, -1,
    5.3728948974609375e+002, 8.8411605834960938e+001, 23.,
    2.7139929199218750e+002, 4.8962606811523437e+002, 0, -1,
    4.3991400146484375e+002, 2.5582086181640625e+002, 16.,
    1.8262228393554688e+002, 4.8936880493164062e+002, 0, 1,
    4.4096054077148437e+002, 4.1620764160156250e+002, 62.,
    3.4484564208984375e+002, 4.8926400756835937e+002, 2, 1,
    5.4348510742187500e+002, 4.4037191772460937e+002, 16.,
    3.4375845336914062e+002, 4.8692288208007813e+002, 0, 1,
    6.0083905029296875e+002, 1.9916113281250000e+002, 15.,
    1.0229725646972656e+002, 4.8470697021484375e+002, 0, 1,
    5.6891241455078125e+002, 2.6267840576171875e+002, 22.,
    7.6081680297851562e+001, 4.8388796997070312e+002, 0, -1,
    5.0252505493164063e+002, 3.1217742919921875e+002, 32.,
    1.6860916137695312e+002, 4.8232073974609375e+002, 1, -1,
    5.4031408691406250e+002, 8.8353652954101563e+001, 36.,
    2.7168356323242187e+002, 4.7842221069335937e+002, 1, -1,
    4.4192684936523437e+002, 8.6580436706542969e+001, 30.,
    8.7203674316406250e+001, 4.7718463134765625e+002, 1, -1,
    5.5103723144531250e+002, 1.8037620544433594e+002, 16.,
    3.5330657958984375e+002, 4.7629745483398437e+002, 0, -1,
    5.6811694335937500e+002, 4.8789749145507812e+002, 15.,
    2.6268203735351562e+002, 4.7520379638671875e+002, 0, -1,
    5.8917138671875000e+002, 5.2803350830078125e+002, 18.,
    1.3327137756347656e+002, 4.7467993164062500e+002, 0, -1,
    5.6242736816406250e+002, 4.7153771972656250e+002, 21.,
    1.6012487792968750e+002, 4.7222564697265625e+002, 0, -1,
    5.7715277099609375e+002, 2.0656829833984375e+002, 31.,
    1.7617864990234375e+002, 4.7218170166015625e+002, 1, 1,
    5.8326013183593750e+002, 4.4239913940429687e+002, 21.,
    2.8482440185546875e+002, 4.7198330688476562e+002, 0, 1,
    6.0172375488281250e+002, 5.3414630126953125e+002, 118.,
    2.8846823120117187e+002, 4.6740176391601562e+002, 3, -1,
    5.7660772705078125e+002, 4.7961907958984375e+002, 32.,
    2.6404418945312500e+002, 4.6393228149414062e+002, 1, -1,
    4.8391958618164062e+002, 2.1923030090332031e+002, 17.,
    1.9735882568359375e+002, 4.6322061157226562e+002, 0, 1,
    6.2577716064453125e+002, 8.7268203735351563e+001, 17.,
    9.9987846374511719e+001, 4.5977804565429687e+002, 0, -1,
    5.3406689453125000e+002, 2.1182882690429687e+002, 23.,
    2.8874771118164062e+002, 4.5675109863281250e+002, 0, -1,
    5.8123120117187500e+002, 2.9728231811523437e+002, 13.,
    7.0373580932617188e+001, 4.3843911743164062e+002, 0, 1,
    4.2008715820312500e+002, 3.1175985717773437e+002, 15.,
    8.2723396301269531e+001, 4.3839974975585937e+002, 0, 1,
    4.7824688720703125e+002, 5.1750024414062500e+002, 44.,
    2.7735671997070312e+002, 4.3434963989257812e+002, 1, 1,
    5.7513635253906250e+002, 4.9308929443359375e+002, 20.,
    2.6743420410156250e+002, 4.3131097412109375e+002, 0, 1,
    5.5176007080078125e+002, 1.9479141235351562e+002, 62.,
    2.8397692871093750e+002, 4.3097171020507812e+002, 2, 1,
    5.4601263427734375e+002, 4.8513317871093750e+002, 86.,
    2.6586203002929688e+002, 4.1080459594726562e+002, 2, -1,
    4.4366284179687500e+002, 4.3020178222656250e+002, 19.,
    1.7834638977050781e+002, 4.0415893554687500e+002, 0, 1,
    4.8160049438476562e+002, 2.3165667724609375e+002, 14.,
    2.6619409179687500e+002, 4.0370767211914062e+002, 0, -1,
    4.9719171142578125e+002, 2.8691262817382812e+002, 77.,
    8.9805076599121094e+001, 4.0101599121093750e+002, 2, -1,
    5.9467449951171875e+002, 4.6757745361328125e+002, 125.,
    1.7848139953613281e+002, 4.0061859130859375e+002, 3, -1,
    4.3051113891601562e+002, 3.1940054321289062e+002, 30.,
    8.1871986389160156e+001, 4.0017102050781250e+002, 1, -1 ]
